UX430UA|1335|55 60 62 65 68 72 76 80
GL553VD|1335|60 65 67 70 73 77 81 85
UX410UAK|1335|60 62 64 68 72 76 80 84
UX360UAK|1335|48 50 53 57 61 65 70 80
VivoBookASUSLaptopX512FAF512FA|1335|55 57 59 61 63 65 67 69
G752VL|1335|45 50 55 60 65 70 75 80
X510UA|1335|54 58 62 65 69 72 76 80
B9440UA|1335|60 65 68 70 72 74 76 80
UX410UQK|1335|50 55 60 62 65 68 72 75
GL502VSK|1335|30 35 40 45 50 55 60 65
GL553VE|1335|45 50 55 60 65 70 75 80
VivoBookS15X530UA|1335|55 57 59 61 63 65 67 69
X580VD|1335 1431|45 50 55 60 65 70 75 80
TUFGamingFX505GMFX505GM|1335 1431|45 50 55 60 65 70 75 80
TUFGamingFX505GTFX505GT|1335 1431|60 62 64 66 68 70 72 74
VivoBook15ASUSLaptopX542UF|1335|40 45 50 55 59 63 65 67
VivoBook15ASUSLaptopX507UF|1335|55 60 65 70 75 80 85 90
UX310UA|1335|55 60 62 65 68 72 76 80
GL702VSK|1335|45 46 50 51 52 53 58 62
UX430UNR|1335|55 60 62 65 68 72 76 80
GL502VMK|1335 1431|45 50 55 60 65 70 75 80
TP550LAB|1335|55 60 62 65 68 72 76 80
UX330UAK|1335|55 60 62 65 68 72 76 80
G751JY|1335|45 50 55 60 65 70 75 80
X540LA|1335|55 60 62 65 68 72 76 80
X555LB|1335 1431|55 60 62 65 68 72 76 80
N751JX|1335|55 60 62 65 68 72 76 80
